23 22
0
9
2 8
11
11
11
6
9
1 6
1 7
2 8
3 11
14 1
14
13
11
9
7
3 2
2 1
1 1
2 2
0
0
6
5
5
5
6
11
10 1
10
10
17
21
1 14 1
15
14
7 1
5 1 2
5 1
5 1
5
4
0
0000000000000000000000
0000000000011111111100
0000000000110111111110
0000000000111111111110
0000000000111111111110
0000000000111111111110
0000000000111111000000
0000000000111111111000
0100000001111110000000
0100000011111110000000
0110000111111110000000
0111001111111111100000
0111111111111110100000
0111111111111110000000
0011111111111110000000
0001111111111100000000
0000111111111000000000
0000011111110000000000
0000001110110000000000
0000001100010000000000
0000001000010000000000
0000001100011000000000
0000000000000000000000